ID	bus_IVT	bus_TA	bus_WT	bus_Cost	BS_TT	BS_Cost	car_TT	car_PT	car_Cost	car_PCost	Choice
1	20	10	15	6	50	1.5	45	2	4	5	1
2	30	5	10	4	60	3.5	35	2	4	5	3
3	20	5	10	4	40	1.5	15	8	4	5	1
4	30	5	10	6	50	1.5	45	2	2	5	1
5	40	10	10	6	40	1.5	35	2	2	5	2
6	50	10	10	6	60	3.5	35	5	2	5	3
7	30	10	15	6	60	1.5	35	2	4	3	3
8	40	5	10	4	60	3.5	15	2	4	5	3
9	20	10	15	4	40	3.5	15	2	4	3	3
10	40	10	10	4	50	1.5	35	2	2	5	3
11	20	10	15	6	60	3.5	35	5	2	5	1
12	20	10	15	6	50	3.5	15	8	4	5	3
13	50	10	10	6	40	1.5	15	5	4	3	3
14	30	10	10	4	40	3.5	35	5	4	3	3
15	20	10	15	4	50	1.5	45	2	4	5	1
16	30	5	10	6	50	3.5	35	5	4	3	1
17	40	10	10	6	60	1.5	25	8	2	5	3
18	20	10	10	4	50	3.5	35	8	4	3	1
19	20	5	15	4	40	1.5	45	8	2	3	1
20	30	5	10	6	40	1.5	35	8	4	5	2
21	50	5	15	4	60	1.5	15	5	4	5	3
22	40	5	10	4	50	1.5	15	8	4	3	3
23	20	10	10	4	50	1.5	15	2	4	5	3
24	20	5	10	4	60	1.5	35	5	4	5	1
25	50	10	10	6	50	3.5	35	8	2	5	3
26	30	5	10	4	40	1.5	45	8	4	3	2
27	50	10	15	4	40	3.5	45	5	4	5	2
28	40	5	15	6	50	3.5	45	8	2	3	3
29	30	10	10	4	40	1.5	35	5	4	3	3
30	40	10	15	6	40	3.5	45	2	4	5	2
31	30	5	15	4	50	3.5	45	5	4	3	1
32	20	5	10	4	60	3.5	15	2	2	5	3
33	20	5	10	6	40	1.5	15	5	2	3	3
34	50	10	10	6	60	3.5	15	5	4	3	3
35	50	10	10	6	40	1.5	35	5	4	3	2
36	50	5	10	6	50	3.5	25	8	2	3	3
37	50	10	15	6	50	3.5	25	8	2	5	3
38	50	5	10	4	50	3.5	45	5	4	5	2
39	30	5	10	4	50	1.5	45	5	4	3	1
40	40	10	15	6	60	1.5	25	2	2	3	3
41	40	10	10	4	60	1.5	15	8	4	5	3
42	50	5	15	4	60	1.5	45	8	4	3	3
43	50	5	15	4	40	3.5	35	8	2	5	2
44	40	10	15	6	50	1.5	15	2	2	3	3
45	50	5	15	4	50	1.5	35	5	4	3	3
46	50	10	15	4	40	1.5	35	2	2	5	2
47	20	5	10	4	50	3.5	15	5	4	5	3
48	30	10	10	6	50	3.5	25	2	4	5	3
49	20	5	10	4	40	3.5	15	5	4	5	1
50	20	10	15	6	60	1.5	45	2	2	5	1
51	20	5	15	6	60	1.5	25	2	2	3	3
52	30	10	15	6	50	1.5	25	5	2	5	3
53	50	10	10	6	60	3.5	25	8	4	5	3
54	50	10	10	4	40	1.5	45	5	2	3	2
55	40	10	10	6	60	1.5	25	2	4	3	3
56	40	10	10	4	60	1.5	35	8	4	3	3
57	40	10	10	4	40	3.5	15	5	4	3	3
58	50	5	15	4	40	1.5	35	2	4	5	2
59	50	10	15	6	40	3.5	45	2	4	5	2
60	40	10	15	4	40	3.5	15	8	4	3	3
61	20	10	10	4	60	1.5	35	5	2	3	1
62	40	10	10	4	40	3.5	45	2	2	5	2
63	40	5	15	4	50	3.5	25	2	2	3	3
64	20	10	10	4	60	1.5	25	8	4	3	1
65	40	10	10	6	40	1.5	35	5	2	3	2
66	20	10	10	4	60	3.5	35	5	2	3	1
67	30	10	10	4	50	1.5	45	2	4	3	1
68	40	5	10	6	40	3.5	45	5	4	5	2
69	50	10	15	6	50	3.5	25	8	4	5	3
70	50	5	15	6	50	1.5	45	5	4	3	3
71	50	5	15	6	60	1.5	15	5	4	5	3
72	20	10	15	6	50	3.5	35	5	2	5	1
73	40	10	15	4	60	1.5	35	8	4	3	3
74	30	10	10	4	40	1.5	15	8	2	5	3
75	30	10	15	6	40	1.5	45	2	4	5	2
76	40	5	15	6	50	1.5	25	2	4	5	3
77	30	5	15	4	40	1.5	45	2	4	3	2
78	20	5	10	6	50	3.5	45	5	4	5	1
79	30	10	10	4	40	1.5	15	2	2	3	3
80	50	5	10	4	40	3.5	25	2	4	5	3
81	40	10	10	6	50	3.5	45	5	2	5	3
82	20	10	15	4	50	1.5	25	5	4	5	1
83	30	5	10	6	50	1.5	15	8	4	3	3
84	40	10	10	6	60	1.5	15	5	4	5	3
85	50	5	10	6	40	1.5	15	5	4	5	3
86	30	10	15	6	50	3.5	15	5	2	5	3
87	20	5	10	4	40	1.5	25	8	2	3	1
88	30	10	10	4	50	3.5	35	5	4	5	1
89	50	10	10	6	40	3.5	45	2	2	5	2
90	40	10	10	4	60	3.5	15	5	2	5	3
91	50	5	10	4	60	1.5	25	8	4	5	3
92	50	10	10	6	50	3.5	25	5	2	3	3
93	20	10	15	6	50	1.5	15	5	4	3	3
94	40	5	10	4	60	1.5	35	8	4	3	3
95	20	5	10	6	60	3.5	15	8	4	3	3
96	50	5	10	6	50	1.5	35	8	4	3	3
97	40	10	10	4	60	3.5	25	8	2	3	3
98	50	10	15	4	50	1.5	15	5	2	3	3
99	50	5	10	4	60	3.5	15	8	4	5	3
100	30	5	10	6	40	3.5	15	8	4	5	3
101	50	5	10	6	60	3.5	25	8	2	5	3
102	50	5	10	6	50	1.5	35	8	2	5	3
103	40	5	15	4	60	1.5	35	2	2	5	3
104	40	10	15	4	50	1.5	35	8	4	3	3
105	50	5	15	4	60	1.5	25	5	4	5	3
106	30	5	15	6	40	1.5	35	2	2	5	3
107	30	10	15	4	60	3.5	25	2	4	3	3
108	40	5	10	4	50	3.5	35	2	2	5	3
109	50	10	10	6	50	3.5	15	8	2	3	3
110	20	5	10	6	40	3.5	15	2	2	5	3
111	40	5	10	6	40	3.5	35	5	2	3	3
112	30	5	15	6	60	3.5	15	8	4	3	3
113	20	5	15	4	50	3.5	45	2	4	3	1
114	50	10	10	4	40	1.5	35	5	4	5	2
115	40	5	10	6	50	1.5	45	5	4	5	2
116	50	10	10	6	50	1.5	15	2	2	3	3
117	50	10	15	4	50	1.5	25	2	2	5	3
118	40	5	10	6	60	3.5	45	8	2	3	3
119	40	5	10	4	60	1.5	25	2	2	5	3
120	50	5	10	6	40	1.5	35	2	4	5	2
121	20	10	10	4	60	1.5	35	2	4	3	1
122	20	10	10	4	40	3.5	45	2	4	3	1
123	30	5	10	4	50	3.5	35	5	4	5	1
124	30	10	15	4	50	3.5	15	2	2	5	3
125	20	10	15	4	40	3.5	35	2	2	5	2
126	30	5	10	6	60	3.5	45	5	4	3	1
127	20	10	10	4	60	3.5	35	8	4	3	1
128	50	10	10	4	50	1.5	35	8	2	3	3
129	50	5	15	6	50	1.5	35	5	4	3	3
130	20	5	15	6	50	3.5	45	2	4	3	1
131	30	10	10	6	60	3.5	15	5	4	5	3
132	50	5	15	6	50	1.5	35	2	4	3	3
133	20	5	10	6	60	1.5	35	2	2	3	1
134	40	10	10	4	60	3.5	45	5	4	3	1
135	50	5	15	6	50	1.5	45	8	2	3	2
136	30	5	15	4	60	1.5	15	8	2	5	3
137	30	10	10	4	60	1.5	25	5	2	5	3
138	40	10	10	6	40	3.5	35	2	4	3	3
139	30	5	15	6	40	1.5	15	5	2	3	3
140	30	5	10	6	40	3.5	15	5	4	5	3
141	30	10	15	6	40	3.5	15	2	2	3	3
142	40	5	10	6	60	3.5	35	2	2	5	3
143	50	10	10	6	40	3.5	15	5	4	3	3
144	40	5	10	6	60	3.5	25	5	2	5	3
145	20	10	15	6	60	1.5	25	8	4	3	1
146	20	5	10	4	40	1.5	15	5	2	3	3
147	50	5	10	4	50	3.5	15	2	2	3	3
148	50	10	15	6	50	1.5	25	2	4	5	3
149	50	10	15	4	40	3.5	25	8	4	3	3
150	40	5	10	4	50	1.5	15	2	2	3	3
151	20	5	15	4	50	3.5	35	2	4	3	1
152	20	10	15	4	50	3.5	45	5	2	3	1
153	50	10	15	4	40	1.5	45	2	4	3	3
154	50	5	15	4	60	3.5	35	8	2	5	3
155	20	10	15	6	40	1.5	35	8	2	3	1
156	30	5	15	4	40	1.5	45	5	2	3	2
157	20	10	10	4	40	1.5	15	5	2	3	3
158	40	10	10	6	60	1.5	15	8	2	3	3
159	50	10	15	4	50	1.5	45	8	2	5	2
160	40	10	10	6	40	3.5	15	8	4	3	3
161	20	10	10	4	40	1.5	15	8	4	5	3
162	30	5	10	6	60	3.5	15	2	2	3	3
163	30	5	10	4	50	1.5	15	8	2	5	3
164	20	5	10	4	50	1.5	25	5	2	5	1
165	30	10	15	4	60	3.5	25	5	4	3	3
166	30	5	10	6	60	3.5	35	5	2	5	1
167	50	10	15	4	50	3.5	35	8	2	3	2
168	40	5	15	4	40	1.5	45	2	4	5	2
169	50	5	15	6	40	1.5	25	8	4	3	3
170	20	5	15	4	40	1.5	25	2	4	5	1
171	50	10	15	4	50	1.5	45	2	2	5	2
172	50	5	10	6	40	3.5	45	2	2	5	2
173	40	5	10	6	50	3.5	35	2	4	5	3
174	50	10	15	6	40	1.5	25	5	4	5	3
175	50	10	10	4	40	3.5	45	5	4	3	2
176	50	5	15	4	50	1.5	35	8	4	3	3
177	40	10	10	4	50	1.5	25	8	4	3	3
178	40	5	10	4	60	3.5	15	2	4	5	3
179	50	5	15	4	50	3.5	25	5	4	5	3
180	20	5	10	6	50	1.5	35	8	4	3	1
181	20	5	10	4	40	3.5	45	5	2	3	1
182	30	5	15	6	40	1.5	45	2	4	5	2
183	30	10	15	6	60	1.5	15	8	2	3	3
184	50	10	15	4	60	1.5	25	2	4	3	3
185	50	10	10	6	50	1.5	45	2	4	3	2
186	20	10	10	6	60	1.5	15	2	4	3	3
187	50	5	15	6	40	1.5	25	5	2	3	3
188	30	10	15	4	50	3.5	45	5	4	5	1
189	30	5	10	4	40	3.5	45	2	2	3	2
190	30	10	10	6	60	3.5	25	2	2	3	3
191	40	5	10	4	40	3.5	35	8	4	5	2
192	40	10	10	4	60	1.5	45	2	2	3	3
193	30	5	15	4	60	3.5	25	8	2	5	1
194	20	5	15	4	60	1.5	15	5	4	5	3
195	30	5	10	6	40	1.5	15	2	2	5	3
196	40	10	10	4	60	1.5	35	8	4	3	3
197	50	5	15	6	60	1.5	25	5	2	5	3
198	50	5	10	6	40	1.5	35	5	2	5	2
199	20	5	15	4	60	3.5	35	5	2	3	1
200	40	10	10	4	50	3.5	15	2	2	3	3
201	50	10	15	4	50	3.5	15	8	2	5	3
202	30	10	10	4	50	1.5	25	2	2	3	3
203	50	10	10	6	60	3.5	45	8	2	5	3
204	50	10	10	6	50	3.5	15	8	2	5	3
205	30	5	10	6	50	1.5	35	8	2	3	1
206	20	5	10	4	50	3.5	35	8	4	3	1
207	40	10	15	6	40	1.5	35	5	2	3	2
208	40	10	10	4	50	3.5	25	5	4	5	3
209	30	5	10	4	40	1.5	45	5	4	3	2
210	20	5	15	6	40	1.5	45	5	4	5	1
211	40	10	10	4	60	1.5	25	8	2	5	3
212	20	10	10	4	50	1.5	35	8	4	3	1
213	40	5	15	6	60	3.5	35	8	4	3	3
214	30	5	10	4	60	1.5	25	8	4	5	1
215	20	5	10	6	50	1.5	25	8	4	5	1
216	50	5	15	4	50	3.5	45	8	4	3	2
217	20	5	10	4	60	1.5	35	5	2	3	1
218	50	5	15	4	50	1.5	15	8	2	3	3
219	30	10	10	6	50	1.5	25	2	4	3	3
220	40	10	10	4	50	1.5	25	8	4	3	3
221	50	5	15	4	50	1.5	15	5	2	3	3
222	40	10	10	6	60	1.5	35	2	4	5	3
223	40	10	10	6	60	3.5	15	2	4	3	3
224	50	5	15	6	60	3.5	35	5	4	5	3
225	50	5	15	6	40	3.5	15	8	2	5	3
226	20	10	10	6	40	1.5	35	2	4	5	1
227	20	5	15	6	40	3.5	15	8	4	3	3
228	30	10	15	4	60	1.5	35	8	4	3	3
229	30	10	10	4	50	3.5	25	8	4	5	3
230	30	5	10	4	60	3.5	35	8	4	5	1
231	50	10	10	4	60	1.5	45	2	4	3	3
232	50	10	15	4	40	1.5	35	2	2	3	3
233	50	10	10	6	60	1.5	25	8	4	5	3
234	30	10	10	6	50	3.5	45	5	2	3	1
235	30	5	10	4	60	3.5	25	8	4	5	3
236	20	10	10	6	40	1.5	35	8	2	3	1
237	50	5	15	4	60	3.5	15	8	4	5	3
238	20	5	15	6	40	3.5	25	5	2	3	1
239	20	10	10	4	60	3.5	35	5	4	5	1
240	40	10	15	6	60	1.5	45	2	2	3	3
241	40	10	10	6	40	1.5	25	2	4	3	3
242	30	5	15	4	60	3.5	15	2	4	3	3
243	40	5	10	6	40	3.5	45	2	2	3	2
244	50	10	10	6	40	3.5	35	5	2	5	2
245	30	5	15	6	50	1.5	15	8	2	5	3
246	30	10	10	6	60	1.5	35	5	2	3	3
247	40	10	15	4	50	1.5	15	2	4	3	3
248	30	5	15	6	60	1.5	35	8	2	3	1
249	40	5	15	4	60	1.5	25	8	2	3	3
250	50	10	15	4	40	1.5	45	8	2	5	2
251	20	10	15	4	50	3.5	25	2	2	5	1
252	40	5	10	4	50	1.5	35	2	4	3	3
253	30	5	15	4	50	3.5	15	2	2	5	3
254	20	10	10	6	50	3.5	25	2	2	5	1
255	30	10	15	6	50	1.5	45	8	2	3	1
256	20	5	15	4	40	1.5	15	2	4	5	3
257	50	10	15	6	60	3.5	25	2	4	5	3
258	20	10	10	4	50	1.5	45	5	2	5	1
259	30	5	10	6	40	3.5	15	5	4	5	3
260	20	10	10	6	50	3.5	45	2	2	5	1
261	50	10	15	6	60	3.5	35	8	4	3	3
262	40	5	10	6	60	1.5	35	5	2	5	3
263	40	10	10	6	50	3.5	45	2	2	5	1
264	30	5	15	4	40	3.5	15	5	2	3	3
265	50	10	10	4	40	3.5	35	8	4	3	2
266	30	5	15	4	50	3.5	15	5	2	5	3
267	50	5	15	4	50	3.5	35	8	4	5	2
268	20	10	15	4	40	1.5	35	2	4	5	1
269	20	10	15	6	40	1.5	45	2	2	3	1
270	40	5	15	4	50	1.5	15	5	4	5	3
271	40	5	15	6	50	3.5	45	2	2	3	3
272	20	5	15	6	50	1.5	45	8	2	5	1
273	50	10	10	4	60	1.5	15	5	4	3	3
274	30	5	15	6	60	3.5	35	2	2	5	3
275	30	10	15	6	60	3.5	25	8	4	5	3
276	40	10	10	4	50	1.5	45	5	2	3	3
277	20	10	10	6	50	3.5	15	8	4	5	1
278	30	10	10	4	50	1.5	15	8	4	5	3
279	40	10	10	4	60	1.5	45	2	2	5	3
280	30	5	15	4	50	1.5	25	2	4	5	3
281	50	5	15	6	60	1.5	15	2	4	5	3
282	30	5	10	6	40	1.5	45	8	2	5	2
283	50	10	15	4	40	1.5	15	2	4	5	3
284	30	5	10	6	60	1.5	45	2	2	5	1
285	40	5	10	4	60	1.5	15	8	4	5	3
286	50	10	10	4	60	1.5	15	8	4	3	3
287	50	10	15	6	50	1.5	25	2	4	5	3
288	20	10	15	4	50	1.5	25	5	2	5	3
289	50	10	15	4	50	3.5	15	2	4	5	3
290	30	5	15	6	60	1.5	15	8	2	5	3
291	30	5	15	6	50	3.5	45	2	4	5	1
292	20	5	10	4	60	1.5	35	5	4	5	1
293	40	5	10	4	60	1.5	45	5	4	3	1
294	20	10	15	4	40	1.5	25	8	2	3	1
295	20	10	15	6	40	3.5	15	2	4	3	3
296	20	5	10	4	60	3.5	35	2	2	5	1
297	50	10	10	6	60	3.5	15	5	2	3	3
298	30	10	15	4	60	1.5	45	2	2	5	1
299	40	5	10	4	40	3.5	45	8	4	5	2
300	50	10	15	4	40	3.5	15	5	4	5	3
301	30	5	10	6	60	3.5	35	5	4	3	1
302	30	10	15	4	50	3.5	45	8	4	5	1
303	40	10	15	6	50	1.5	15	2	2	5	3
304	50	5	10	4	40	1.5	15	2	4	5	3
305	30	5	15	6	60	1.5	35	8	4	3	1
306	40	10	15	6	50	3.5	15	5	4	5	3
307	50	10	15	6	40	1.5	15	8	4	5	3
308	40	5	10	6	40	3.5	15	5	4	3	3
309	30	10	15	4	60	1.5	35	2	2	3	3
310	50	10	15	6	40	3.5	15	2	4	3	3
311	30	5	10	6	50	3.5	25	2	4	3	3
312	40	5	10	6	40	3.5	35	8	4	3	3
313	40	10	10	4	40	3.5	25	2	2	5	3
314	30	10	15	6	40	1.5	35	5	2	3	3
315	50	5	10	6	50	1.5	45	5	4	5	2
316	50	5	10	6	40	1.5	45	2	2	5	2
317	20	5	10	6	40	1.5	15	2	4	3	3
318	20	5	10	6	60	3.5	15	5	4	5	3
319	50	5	15	6	60	1.5	25	5	2	5	3
320	40	5	10	6	40	3.5	35	5	2	5	3
321	20	10	10	4	40	1.5	45	5	4	5	1
322	50	5	10	4	50	1.5	35	2	2	5	3
323	50	5	15	6	50	3.5	45	2	2	5	3
324	20	10	10	6	40	1.5	15	5	2	3	3
325	20	10	15	6	40	3.5	35	8	4	3	1
326	20	5	10	4	60	3.5	15	8	4	5	1
327	50	10	10	4	60	1.5	25	5	4	5	3
328	50	5	15	6	50	3.5	15	2	4	3	3
329	50	10	10	4	60	1.5	45	2	2	3	3
330	20	5	10	4	40	3.5	25	5	2	3	3
331	50	10	15	4	60	1.5	45	8	2	5	3
332	50	5	15	4	60	1.5	25	2	2	5	3
333	40	5	15	4	50	1.5	35	2	2	3	3
334	30	5	15	6	60	1.5	45	5	4	5	1
335	30	5	15	4	50	3.5	45	5	4	3	3
336	20	5	10	6	40	1.5	15	2	2	5	3
337	50	5	10	4	60	1.5	45	2	4	5	3
338	50	10	15	6	40	1.5	45	2	4	3	2
339	50	5	10	4	50	3.5	45	2	2	5	3
340	20	5	10	4	60	1.5	25	2	2	5	1
341	50	10	15	4	60	1.5	45	8	4	3	3
342	30	10	10	4	40	3.5	15	8	4	5	3
343	40	10	15	4	60	1.5	35	2	4	5	3
344	40	10	10	4	40	3.5	25	5	2	3	3
345	20	10	15	6	60	1.5	15	2	4	3	3
346	20	10	10	6	50	3.5	35	2	4	5	1
347	20	5	15	4	60	1.5	25	5	2	5	1
348	20	5	15	6	60	3.5	45	8	4	5	1
349	20	10	10	4	60	1.5	15	2	2	5	3
350	40	5	10	6	50	3.5	25	5	2	5	3
351	40	5	15	4	60	3.5	35	2	2	5	3
352	20	5	10	4	60	3.5	45	5	2	3	1
353	40	10	10	6	60	1.5	15	5	4	3	3
354	50	10	15	6	40	1.5	15	5	4	3	3
355	20	5	15	4	40	1.5	45	8	2	3	1
356	30	5	10	4	50	3.5	35	8	2	5	1
357	20	5	10	4	60	3.5	45	2	4	5	1
358	40	10	10	4	40	1.5	25	5	2	3	3
359	20	10	10	4	40	3.5	15	8	4	3	3
360	40	10	15	6	60	3.5	45	2	4	5	3
361	30	5	15	4	40	3.5	45	5	2	5	2
362	20	5	15	4	40	3.5	45	2	2	5	1
363	20	5	15	6	60	3.5	15	5	2	5	3
364	20	5	10	4	50	1.5	25	8	4	3	1
365	20	10	15	6	50	1.5	35	2	4	3	1
366	50	10	10	4	40	3.5	15	2	2	3	3
367	30	5	15	4	50	1.5	45	8	2	5	1
368	30	5	15	4	60	3.5	15	8	2	5	3
369	30	5	15	4	50	3.5	35	8	2	3	3
370	50	5	15	4	60	3.5	35	8	4	3	3
371	50	10	15	4	50	3.5	25	2	4	5	3
372	40	5	10	6	50	1.5	45	5	2	5	2
373	50	10	10	4	50	1.5	25	5	2	3	3
374	30	5	10	6	60	1.5	15	2	4	5	3
375	50	10	15	4	40	3.5	15	8	4	3	3
376	20	10	15	6	40	3.5	25	2	2	5	1
377	20	5	15	4	40	3.5	45	5	2	5	1
378	40	10	15	4	50	1.5	25	8	4	3	3
379	50	10	10	6	40	3.5	45	8	4	3	2
380	20	5	10	6	40	3.5	35	5	2	3	1
381	30	10	10	6	60	3.5	15	2	4	3	3
382	50	10	15	6	50	1.5	35	2	4	5	3
383	20	10	15	4	60	1.5	15	2	4	5	3
384	50	5	10	6	40	1.5	45	2	4	3	2
385	50	5	15	4	50	3.5	45	8	2	3	2
386	50	10	10	6	50	3.5	25	2	2	5	3
387	50	10	15	6	60	3.5	25	5	2	3	3
388	20	10	15	4	40	3.5	25	2	4	5	1
389	40	5	15	6	60	1.5	25	8	2	5	3
390	40	5	15	6	60	1.5	35	5	4	3	3
391	50	10	15	4	50	3.5	15	2	2	5	3
392	30	5	15	6	60	1.5	35	5	2	5	1
393	30	10	15	6	40	1.5	15	8	2	5	3
394	30	5	10	4	60	3.5	45	5	4	5	1
395	40	5	10	6	40	3.5	35	2	4	3	3
396	20	5	10	6	60	3.5	35	8	4	5	1
397	20	5	10	6	40	3.5	25	5	2	3	1
398	20	10	15	6	60	1.5	15	8	2	3	3
399	40	10	15	4	40	3.5	15	2	4	5	3
400	40	10	10	4	60	3.5	35	5	2	5	1
401	40	5	15	4	60	1.5	35	2	2	5	3
402	20	5	10	4	60	3.5	25	5	2	3	3
403	50	5	15	4	60	1.5	45	8	4	5	2
404	50	5	10	4	60	3.5	15	8	4	5	3
405	40	10	15	6	40	1.5	15	5	4	3	3
406	50	5	10	6	60	1.5	25	5	2	5	3
407	50	10	10	6	60	1.5	25	2	4	5	3
408	50	10	10	6	60	3.5	45	2	2	5	3
409	30	10	15	6	40	1.5	25	2	4	5	2
410	40	5	15	4	60	1.5	25	2	2	3	3
411	50	5	15	4	50	3.5	25	8	2	5	3
412	50	10	10	6	60	1.5	15	5	4	5	3
413	20	10	15	6	60	3.5	25	2	2	3	3
414	40	5	10	6	40	3.5	35	2	4	5	2
415	40	10	10	4	40	3.5	25	8	4	5	3
416	50	10	15	6	40	1.5	15	5	2	5	3
417	20	10	15	6	50	3.5	45	8	4	3	1
418	20	10	10	4	40	1.5	35	2	4	3	1
419	50	5	15	6	40	3.5	35	2	4	5	2
420	50	10	15	4	50	3.5	35	2	4	3	3
421	50	10	15	4	60	1.5	35	8	4	5	3
422	30	10	15	6	60	1.5	45	2	4	5	1
423	30	10	15	6	50	1.5	45	2	4	5	1
424	20	5	10	6	40	1.5	25	5	2	5	1
425	40	5	15	4	60	1.5	35	8	4	5	3
426	40	5	10	4	60	3.5	45	8	4	3	1
427	50	10	10	4	50	3.5	35	2	2	5	3
428	20	5	15	6	40	3.5	15	5	4	5	3
429	40	5	10	6	60	1.5	35	2	4	3	3
430	50	5	10	4	50	1.5	45	5	2	5	2
431	50	10	15	6	60	3.5	45	2	4	5	3
432	30	5	15	6	40	1.5	45	8	4	3	2
433	40	10	15	4	50	3.5	35	5	4	3	3
434	20	5	10	4	60	3.5	15	2	4	3	3
435	20	5	10	6	60	3.5	45	5	2	3	1
436	40	5	15	6	40	1.5	35	2	4	5	2
437	50	10	15	4	40	1.5	15	2	2	5	3
438	40	5	15	6	50	3.5	15	5	4	3	3
439	30	5	10	4	50	1.5	15	2	2	3	3
440	40	5	15	4	40	1.5	25	5	4	3	3
441	30	10	15	6	50	3.5	25	2	4	3	3
442	30	5	10	6	40	3.5	45	8	2	5	2
443	30	10	10	6	60	1.5	25	2	2	5	3
444	30	10	15	6	50	3.5	45	5	4	3	1
445	20	5	10	6	40	3.5	35	8	2	3	1
446	50	5	15	6	50	3.5	45	2	2	3	3
447	30	5	10	4	60	1.5	15	2	2	5	3
448	50	5	15	6	60	1.5	25	5	4	5	3
449	40	5	10	4	40	1.5	35	5	2	3	3
450	30	5	15	4	40	1.5	25	8	2	5	3
451	20	5	15	4	40	1.5	35	2	2	5	1
452	40	5	15	4	60	3.5	25	8	2	3	3
453	30	5	10	4	60	3.5	35	5	4	3	1
454	30	5	10	4	40	1.5	35	5	4	5	2
455	40	10	10	6	40	3.5	35	8	2	5	2
456	30	5	10	4	40	3.5	45	5	4	5	2
457	20	10	15	6	50	3.5	45	5	4	5	1
458	50	5	15	4	40	3.5	15	2	4	3	3
459	50	5	15	4	50	1.5	25	8	2	5	3
460	50	10	10	4	40	1.5	35	2	4	5	2
461	50	5	15	6	60	1.5	25	5	4	5	3
462	50	10	10	6	40	3.5	45	5	2	5	2
463	40	5	15	6	60	3.5	45	5	2	3	3
464	50	5	15	6	60	1.5	35	8	4	5	3
465	40	10	10	4	60	3.5	45	8	4	5	1
466	50	5	10	6	50	1.5	35	8	2	3	3
467	20	10	15	4	50	3.5	25	8	4	5	1
468	40	5	10	4	40	1.5	35	8	4	5	2
469	50	5	10	4	60	3.5	15	2	2	5	3
470	30	10	15	6	40	3.5	15	2	4	5	3
471	20	10	10	4	50	3.5	15	5	4	5	3
472	40	10	10	6	50	3.5	45	5	2	5	2
473	30	10	15	4	40	3.5	45	2	4	3	1
474	40	5	10	4	40	3.5	35	5	2	3	3
475	30	5	15	6	40	1.5	15	8	2	5	3
476	30	5	15	6	60	1.5	25	8	2	5	3
477	40	10	15	6	60	3.5	15	5	2	5	3
478	20	10	10	6	60	1.5	35	8	2	3	1
479	30	10	15	4	40	1.5	35	8	4	5	2
480	30	10	15	4	40	1.5	45	8	2	5	2
481	30	10	15	4	50	3.5	35	8	4	5	1
482	20	5	10	4	60	3.5	45	2	4	5	1
483	20	5	15	6	50	1.5	15	8	2	3	3
484	50	5	15	4	50	1.5	15	5	2	3	3
485	30	5	10	4	50	1.5	25	5	2	3	1
486	30	10	15	6	60	3.5	15	5	4	3	3
487	20	10	10	4	50	1.5	25	2	4	5	1
488	30	5	15	4	60	1.5	15	8	2	5	3
489	50	5	10	4	40	3.5	45	2	2	5	2
490	40	5	10	4	50	3.5	15	8	2	5	3
491	30	5	15	4	50	1.5	45	2	2	3	3
492	50	10	15	4	50	1.5	45	5	2	3	3
493	50	10	15	4	60	1.5	45	5	2	3	3
494	30	5	15	6	50	3.5	15	2	2	3	3
495	40	5	15	6	60	1.5	15	8	2	3	3
496	20	10	10	6	60	3.5	45	2	2	5	1
497	50	10	10	4	50	1.5	45	5	2	3	3
498	20	10	15	6	60	1.5	45	2	2	5	1
499	50	5	15	4	40	1.5	45	5	4	3	2
500	30	5	15	4	60	3.5	45	2	2	5	3
501	30	5	15	6	50	3.5	15	5	2	3	3
502	30	10	10	6	50	1.5	35	2	4	3	3
503	50	5	10	6	50	1.5	25	5	4	3	3
504	40	10	10	6	60	3.5	35	8	4	5	3
505	20	10	15	6	40	3.5	45	5	2	5	1
506	50	5	15	4	40	1.5	15	2	4	5	3
507	40	10	15	6	50	3.5	35	2	2	3	3
508	50	5	10	4	50	3.5	25	8	4	5	3
509	50	5	15	6	60	1.5	25	8	2	5	3
510	50	5	10	4	50	3.5	45	8	4	5	2
511	20	5	15	4	50	1.5	25	5	4	3	3
512	30	5	10	6	60	1.5	15	2	2	5	3
513	50	5	10	4	60	3.5	15	5	4	3	3
514	20	10	10	4	40	1.5	15	2	4	5	3
515	50	5	15	4	60	3.5	25	8	4	5	3
516	20	10	15	4	50	3.5	45	5	2	5	1
517	40	10	10	6	40	1.5	15	5	2	3	3
518	50	5	15	4	60	1.5	45	2	2	3	3
519	30	5	10	4	40	1.5	15	8	4	3	3
520	50	5	10	6	40	3.5	35	5	4	3	3
521	40	10	15	6	50	3.5	25	2	4	5	3
522	40	10	15	4	40	1.5	35	2	4	3	3
523	40	10	10	6	60	3.5	25	5	4	5	3
524	50	5	10	6	40	3.5	45	8	2	3	2
525	20	5	15	6	50	1.5	45	8	2	3	1
526	50	5	10	4	50	3.5	15	8	2	3	3
527	20	5	15	4	50	3.5	25	2	4	5	3
528	50	5	15	4	50	3.5	15	8	2	3	3
529	30	10	15	4	40	3.5	25	8	4	3	3
530	40	10	10	6	50	1.5	35	2	2	5	3
531	50	5	15	4	40	3.5	25	2	4	5	3
532	40	5	10	6	50	3.5	45	5	4	5	3
533	50	10	10	6	50	1.5	15	8	2	3	3
534	50	10	10	4	40	1.5	15	8	2	3	3
535	50	5	15	6	40	3.5	15	5	2	5	3
536	30	5	15	6	60	3.5	15	5	4	5	3
537	50	5	10	4	50	3.5	45	8	4	3	2
538	30	10	15	4	60	1.5	45	5	4	5	1
539	20	5	10	4	60	1.5	25	8	2	3	1
540	40	10	10	4	50	3.5	15	8	4	3	3
541	30	10	15	6	50	1.5	45	8	4	3	1
542	20	5	15	6	40	3.5	25	8	4	3	1
543	20	5	10	4	40	3.5	25	5	2	5	1
544	30	10	10	4	50	3.5	15	8	2	5	3
545	40	5	10	6	40	1.5	25	2	4	3	3
546	20	10	10	4	50	1.5	45	5	4	5	1
547	20	10	15	6	40	1.5	35	2	4	3	1
548	50	5	10	6	40	3.5	45	8	2	5	2
549	20	5	10	6	60	3.5	25	5	4	5	1
550	50	5	10	6	50	3.5	25	8	2	3	3
551	50	5	10	4	60	1.5	25	5	2	5	3
552	30	5	10	6	60	3.5	15	8	4	5	3
553	50	10	15	4	50	1.5	25	8	2	5	3
554	30	5	15	4	60	1.5	15	8	2	3	3
555	20	10	15	6	60	1.5	35	8	4	3	1
556	50	10	10	4	50	1.5	25	2	4	5	3
557	50	10	15	6	50	1.5	45	5	4	5	2
558	50	10	10	6	60	3.5	45	8	2	3	3
559	50	10	15	4	60	1.5	35	2	4	3	3
560	50	5	15	6	60	3.5	45	2	2	5	3
561	20	10	10	4	40	3.5	15	8	4	3	1
562	20	5	15	6	50	3.5	35	2	4	3	1
563	20	5	15	6	50	3.5	45	8	4	5	1
564	40	5	10	4	40	3.5	25	5	4	5	2
565	40	10	15	6	40	3.5	35	5	2	5	2
566	40	10	15	4	50	1.5	15	2	2	3	3
567	30	5	15	6	60	1.5	15	2	2	3	3
568	40	10	15	6	40	1.5	15	2	4	3	3
569	20	5	15	6	40	1.5	35	5	2	5	1
570	40	10	10	4	50	3.5	25	5	2	5	3
571	20	10	15	4	40	3.5	35	8	2	3	1
572	40	10	15	4	40	1.5	25	2	2	5	3
573	50	5	15	4	40	3.5	45	2	4	5	2
574	20	5	10	6	50	1.5	15	5	4	3	3
575	40	5	15	6	50	1.5	25	8	4	3	3
576	50	10	10	4	60	3.5	45	2	2	3	3
577	20	10	15	6	40	1.5	45	5	2	3	1
578	50	5	10	4	40	1.5	35	2	4	5	2
579	20	10	15	4	50	1.5	15	8	2	5	3
580	20	10	10	4	40	1.5	25	5	2	3	3
581	40	5	10	4	50	3.5	15	5	2	5	3
582	40	5	10	4	60	1.5	45	8	4	5	1
583	30	10	15	6	60	1.5	15	2	4	5	3
584	20	5	10	6	40	3.5	35	5	4	3	1
585	30	5	15	4	50	1.5	45	8	2	3	1
586	20	10	15	4	50	1.5	45	8	4	3	1
587	20	5	10	4	60	3.5	15	2	4	3	3
588	20	10	15	4	50	3.5	25	2	4	3	1
589	20	10	10	6	50	1.5	45	8	2	5	1
590	30	5	10	4	40	3.5	45	5	4	3	1
591	20	10	15	6	60	3.5	25	5	2	5	1
592	30	10	10	6	60	3.5	45	2	4	5	1
593	40	5	15	6	60	3.5	35	5	4	3	3
594	50	10	15	4	40	1.5	45	8	4	3	2
595	50	5	10	4	60	3.5	35	5	4	5	3
596	50	10	15	4	50	3.5	35	8	2	3	3
597	50	10	10	6	60	3.5	45	2	4	5	3
598	20	10	15	4	50	1.5	15	8	4	3	3
599	30	5	10	4	40	3.5	25	2	2	3	3
600	20	5	10	6	40	3.5	15	2	4	3	3
601	50	10	15	6	50	3.5	45	2	2	3	3
602	50	10	15	4	40	1.5	25	5	2	3	3
603	20	10	10	4	40	3.5	45	8	4	5	1
604	20	10	10	6	60	3.5	45	8	2	3	1
605	40	5	10	4	50	1.5	15	5	2	3	3
606	50	10	15	6	40	3.5	25	2	4	5	3
607	50	5	15	6	60	1.5	45	8	2	5	2
608	50	10	15	6	40	1.5	15	8	4	3	3
609	30	5	15	6	60	3.5	15	5	2	5	3
610	20	10	10	6	50	3.5	35	8	4	5	1
611	30	10	15	6	50	3.5	35	2	4	3	3
612	20	10	15	6	60	1.5	15	5	4	5	1
613	40	10	10	4	50	1.5	15	8	4	3	3
614	40	10	10	4	50	1.5	25	2	4	5	3
615	50	5	15	4	60	3.5	15	8	2	5	3
616	50	10	10	6	50	3.5	45	8	2	5	2
617	20	10	15	6	50	1.5	15	8	4	3	3
618	20	5	10	4	50	1.5	45	8	4	3	1
619	50	10	15	6	50	1.5	35	8	2	3	2
620	30	10	10	6	50	3.5	45	8	2	5	1
621	50	5	10	4	60	3.5	25	8	2	5	3
622	20	10	10	6	60	3.5	25	2	4	5	1
623	20	10	15	4	50	3.5	25	2	4	5	3
624	50	10	10	4	50	3.5	35	5	2	5	3
625	50	5	10	4	40	1.5	35	8	2	3	2
626	20	5	15	4	50	3.5	25	8	4	5	1
627	30	10	15	6	50	1.5	45	2	4	5	1
628	20	5	15	4	50	1.5	35	2	4	3	1
629	50	10	10	4	60	3.5	35	2	2	5	3
630	30	10	10	6	50	1.5	45	5	4	3	1
631	20	5	10	4	50	3.5	15	2	4	3	3
632	50	5	15	6	50	1.5	25	5	2	5	3
633	20	5	15	6	60	3.5	45	5	4	5	1
634	30	5	10	4	50	1.5	35	2	4	3	1
635	50	5	15	6	50	3.5	45	8	4	3	2
636	30	5	15	6	60	1.5	25	8	4	5	3
637	30	10	15	6	50	3.5	45	8	2	3	1
638	30	10	15	4	50	1.5	45	2	4	3	3
639	50	5	10	6	50	1.5	45	8	4	5	2
640	30	10	15	4	50	3.5	25	8	2	3	3
641	40	10	15	4	60	1.5	15	2	4	3	3
642	50	5	10	4	40	1.5	45	8	2	5	2
643	20	10	15	4	40	1.5	15	5	4	3	3
644	40	5	10	6	60	3.5	35	2	2	5	3
645	50	10	10	4	60	3.5	45	5	2	5	3
646	20	10	10	6	50	1.5	15	8	4	5	3
647	30	5	10	6	60	1.5	35	8	2	5	1
648	40	10	15	4	40	3.5	25	2	4	5	3
649	30	5	15	6	50	3.5	45	2	2	3	1
650	30	5	10	4	50	3.5	35	2	4	5	1
651	30	5	15	6	40	1.5	15	8	2	3	3
652	20	5	10	4	50	1.5	35	5	4	5	1
653	40	5	10	6	60	3.5	25	5	4	5	3
654	30	10	10	4	50	3.5	15	2	2	3	3
655	30	5	15	6	50	3.5	45	5	2	3	1
656	50	10	15	6	60	3.5	25	2	2	5	3
657	20	10	15	6	50	1.5	15	8	2	3	3
658	40	10	10	4	40	3.5	15	5	2	5	3
659	40	10	10	4	60	1.5	25	8	2	3	3
660	30	5	15	4	40	3.5	15	5	4	5	3
661	20	10	15	4	60	1.5	45	8	4	5	1
662	50	5	15	6	50	3.5	25	8	2	3	3
663	50	10	15	4	40	3.5	45	8	2	3	2
664	20	5	15	4	60	1.5	35	5	4	3	1
665	40	10	10	6	40	1.5	15	8	2	3	3
666	40	10	10	4	40	3.5	35	5	2	3	2
667	20	10	15	6	50	3.5	15	2	4	5	3
668	40	10	10	4	40	1.5	45	2	4	5	2
669	20	10	10	6	50	1.5	15	8	4	5	3
670	50	5	10	4	50	3.5	15	5	4	3	3
671	20	10	10	6	60	3.5	35	2	4	5	1
672	20	5	15	4	60	1.5	25	2	4	5	1
673	50	10	15	4	50	1.5	35	2	4	5	3
674	20	5	10	4	50	3.5	35	5	2	3	1
675	20	5	15	6	40	1.5	25	8	4	3	1
676	40	10	15	4	40	1.5	35	2	4	5	2
677	50	10	15	6	50	1.5	25	8	4	5	3
678	50	10	10	6	40	3.5	15	5	4	3	3
679	40	10	15	6	40	1.5	15	2	4	5	3
680	30	10	10	6	60	1.5	25	8	4	3	3
681	50	10	15	6	50	3.5	45	8	4	5	3
682	20	10	10	6	40	3.5	35	2	2	3	1
683	30	10	10	4	50	1.5	25	8	4	5	1
684	20	5	10	6	50	3.5	25	8	4	3	1
685	20	5	15	6	60	3.5	15	8	4	3	3
686	50	5	10	4	50	3.5	35	8	2	5	3
687	40	5	10	6	40	1.5	35	2	2	5	3
688	20	10	15	4	40	1.5	45	2	4	3	1
689	40	10	10	4	40	3.5	45	5	4	5	2
690	40	10	15	4	50	1.5	25	2	2	3	3
691	50	10	15	4	40	3.5	45	5	2	3	2
692	20	5	15	6	40	3.5	15	8	4	3	3
693	50	10	15	4	60	1.5	25	2	4	3	3
694	30	10	10	4	60	3.5	15	2	4	5	3
695	20	5	15	4	40	3.5	15	2	2	3	3
696	40	5	10	4	40	3.5	15	2	4	5	3
697	30	5	15	6	50	3.5	15	2	2	5	3
698	30	5	10	4	60	3.5	25	5	4	5	3
699	20	5	15	6	40	3.5	15	5	2	3	3
700	30	10	15	4	40	1.5	35	8	4	5	2
701	30	5	15	6	50	3.5	15	5	2	3	3
702	50	5	10	6	60	1.5	45	5	2	5	3
703	40	5	15	4	60	3.5	15	8	4	5	3
704	30	10	15	4	50	1.5	15	8	4	5	3
705	40	10	15	6	40	3.5	15	2	4	5	3
706	20	10	15	6	40	3.5	35	2	4	5	1
707	50	5	10	6	60	3.5	35	5	2	5	3
708	20	5	15	4	60	1.5	35	8	2	5	1
709	50	10	15	4	40	1.5	45	2	2	5	2
710	50	10	15	4	60	3.5	35	5	4	5	3
711	20	10	10	4	60	3.5	45	5	4	5	1
712	50	5	15	6	60	3.5	35	2	4	5	3
713	50	10	10	4	60	1.5	15	8	2	3	3
714	50	5	10	4	50	1.5	35	5	2	3	3
715	30	10	15	6	40	3.5	45	8	4	5	2
716	20	5	15	4	40	3.5	35	5	4	5	1
717	30	5	15	6	50	3.5	45	2	4	3	1
718	20	5	10	4	50	1.5	25	5	4	5	3
719	30	10	15	4	50	3.5	15	5	4	5	3
720	50	5	15	6	60	1.5	25	5	4	5	3
721	50	5	15	6	60	3.5	45	8	4	5	3
722	30	5	15	4	40	3.5	45	8	2	3	2
723	30	5	15	4	50	1.5	15	8	4	5	3
724	40	10	15	4	40	3.5	35	2	2	3	3
725	20	5	10	4	60	1.5	45	5	2	5	1
726	40	5	15	4	60	1.5	25	2	4	5	3
727	20	5	15	4	60	1.5	15	5	4	3	3
728	20	10	10	4	50	3.5	25	2	2	5	3
729	20	5	10	4	60	1.5	45	5	2	5	1
730	20	10	15	4	60	3.5	35	2	4	5	1
731	20	10	15	4	40	1.5	15	5	4	5	3
732	20	5	10	6	40	1.5	25	8	2	3	2
733	50	10	15	4	50	1.5	45	8	4	3	2
734	50	10	10	4	50	1.5	25	5	2	5	3
735	50	5	15	4	40	1.5	45	5	2	3	2
736	20	5	15	6	40	3.5	35	2	4	5	1
737	30	10	15	6	40	3.5	15	5	2	3	3
738	30	10	10	4	50	3.5	45	2	4	3	1
739	50	10	15	4	50	1.5	45	8	2	5	2
740	20	5	15	4	60	1.5	35	8	2	3	1
741	30	10	15	6	50	1.5	15	2	2	5	3
742	30	5	10	6	40	1.5	15	2	2	3	3
743	50	5	10	4	40	3.5	25	8	4	3	2
744	40	10	10	4	50	3.5	15	5	2	3	3
745	40	5	10	6	60	1.5	25	8	2	5	3
746	30	5	10	6	60	3.5	35	2	4	5	1
747	40	10	15	6	40	1.5	45	5	4	3	2
748	50	5	10	4	50	1.5	15	8	4	5	3
749	30	10	10	4	40	3.5	25	2	2	3	3
750	40	5	15	4	40	3.5	35	5	2	3	3
751	40	10	10	6	60	3.5	15	8	4	5	3
752	30	5	10	6	40	1.5	15	2	4	5	3
753	20	5	10	4	40	3.5	25	8	4	5	1
754	50	5	10	6	60	1.5	25	5	4	5	3
755	30	10	15	6	60	3.5	15	8	4	3	3
756	40	5	15	6	50	1.5	45	5	2	3	2
757	40	10	10	4	60	3.5	15	5	2	3	3
758	20	5	10	4	40	3.5	45	2	4	3	1
759	40	5	15	4	60	3.5	25	2	2	5	3
760	50	5	15	4	40	1.5	45	2	4	5	2
761	30	10	15	4	60	3.5	15	2	2	3	3
762	20	10	10	6	60	1.5	15	8	4	3	1
763	40	10	10	6	50	1.5	25	5	2	5	3
764	50	10	15	4	40	3.5	35	5	2	5	2
765	40	10	10	6	60	1.5	35	8	4	5	3
766	50	5	15	6	60	3.5	25	5	4	5	3
767	30	10	15	6	40	3.5	45	8	2	3	2
768	50	5	15	6	50	3.5	25	2	4	5	3
769	30	5	15	6	40	1.5	45	5	4	5	2
770	50	10	10	4	40	1.5	15	8	4	5	3
771	40	5	15	4	40	3.5	25	5	2	5	3
772	20	10	15	6	50	1.5	35	2	2	3	3
773	20	10	10	6	60	1.5	15	8	2	3	3
774	30	10	10	6	60	1.5	45	5	2	3	1
775	40	5	15	4	60	1.5	35	5	4	3	3
776	50	5	15	4	50	3.5	25	5	4	3	3
777	20	5	15	4	40	1.5	15	5	4	3	1
778	20	10	15	6	50	1.5	25	8	4	5	1
779	30	5	10	6	50	1.5	15	5	4	3	3
780	40	10	10	4	60	3.5	35	8	2	3	3
781	30	5	15	6	60	1.5	45	8	4	3	1
782	20	5	10	4	50	1.5	15	5	4	5	1
783	50	10	10	6	50	1.5	15	5	4	5	3
784	20	5	15	6	50	3.5	35	2	4	3	3
785	20	5	15	4	40	3.5	25	5	4	5	1
786	30	10	10	4	60	1.5	35	5	2	5	1
787	50	10	10	4	60	1.5	45	5	4	3	3
788	20	5	10	4	40	3.5	35	2	4	5	1
789	50	10	15	6	60	3.5	35	2	4	3	3
790	20	5	15	6	60	3.5	45	2	2	5	1
791	30	5	15	6	40	1.5	15	2	4	3	3
792	50	5	15	4	40	1.5	35	2	4	3	2
793	40	10	10	4	40	3.5	25	2	4	5	3
794	50	5	10	6	60	1.5	25	2	4	5	3
795	20	10	10	4	60	1.5	25	2	4	3	1
796	40	5	10	4	60	3.5	25	5	2	5	3
797	40	5	15	6	50	1.5	45	2	4	3	3
798	40	10	10	4	50	1.5	15	2	2	5	3
799	40	10	15	4	40	1.5	25	8	4	5	2
800	50	5	15	4	40	1.5	45	8	4	3	2
801	30	5	10	6	60	1.5	35	8	4	3	1
802	30	5	15	4	60	1.5	25	8	2	5	1
803	30	10	10	6	50	3.5	35	2	4	5	1
804	40	5	10	4	50	3.5	35	8	2	5	2
805	50	5	10	4	40	1.5	25	2	4	3	3
806	40	10	10	6	60	1.5	35	8	4	5	3
807	20	5	15	4	60	3.5	15	8	2	3	1
808	30	10	15	4	50	3.5	45	8	4	3	1
809	40	5	10	4	40	3.5	45	8	2	5	2
810	20	10	15	4	50	1.5	15	2	4	5	3
811	50	5	15	6	50	1.5	25	8	2	3	3
812	40	10	15	4	50	3.5	35	5	2	5	3
813	20	5	10	4	50	3.5	45	2	2	3	1
814	30	5	15	6	50	3.5	25	2	4	3	3
815	30	5	15	4	60	3.5	45	2	4	3	1
816	30	10	15	4	40	1.5	15	2	4	3	3
817	30	5	10	6	50	3.5	25	5	2	3	3
818	20	10	15	6	40	3.5	35	8	4	3	1
819	30	5	10	4	50	3.5	35	2	4	3	3
820	50	10	10	4	60	3.5	45	8	4	3	3
821	40	5	15	6	40	3.5	25	2	4	3	3
822	50	5	10	6	40	1.5	35	8	2	5	2
823	40	5	15	4	60	1.5	45	5	4	3	3
824	20	5	15	4	50	1.5	35	2	2	5	1
825	40	5	10	4	40	3.5	35	8	4	3	2
826	40	10	15	4	50	1.5	35	8	4	3	3
827	20	5	10	6	50	3.5	45	8	4	5	1
828	30	5	15	6	50	1.5	15	5	2	3	3
829	40	5	15	6	50	3.5	45	8	2	3	2
830	20	10	15	6	40	3.5	45	2	2	5	1
831	40	5	10	6	50	3.5	45	5	2	3	1
832	50	10	15	4	50	1.5	25	5	2	5	3
833	50	10	15	6	60	1.5	45	2	2	5	3
834	20	5	10	6	60	3.5	35	8	4	3	1
835	20	10	15	4	50	3.5	25	5	2	5	1
836	50	5	15	6	40	3.5	45	2	2	3	2
837	30	10	15	6	50	1.5	15	2	2	5	3
838	30	5	15	4	40	3.5	15	8	2	3	3
839	50	10	15	4	50	1.5	15	8	4	5	3
840	20	5	15	4	50	1.5	35	8	4	3	1
841	30	5	10	4	50	3.5	45	8	4	3	1
842	30	10	15	6	60	1.5	25	2	2	3	3
843	30	10	15	6	40	3.5	15	2	4	5	3
844	20	10	10	6	60	1.5	15	8	4	3	3
845	40	5	10	4	50	1.5	15	5	2	5	3
846	40	5	15	6	40	3.5	45	5	2	3	2
847	20	10	10	6	60	1.5	45	5	4	3	1
848	50	5	15	6	60	3.5	45	5	2	5	3
849	40	5	15	6	50	3.5	15	5	4	5	3
850	30	5	10	4	60	3.5	25	2	4	3	3
851	30	5	15	4	50	1.5	25	5	2	3	3
852	30	10	15	4	40	1.5	45	5	4	5	2
853	50	5	15	6	60	1.5	25	2	4	5	3
854	20	5	15	6	60	3.5	25	2	2	3	3
855	40	5	15	4	50	3.5	35	8	2	5	2
856	20	5	10	4	50	1.5	45	8	4	3	1
857	20	5	10	4	60	3.5	15	5	2	5	1
858	20	10	15	6	40	1.5	25	5	2	5	1
859	40	5	10	4	50	1.5	35	2	4	3	3
860	40	10	10	6	60	3.5	45	5	4	5	1
861	50	5	15	6	40	3.5	45	2	4	5	2
862	30	10	15	6	50	1.5	45	5	2	3	3
863	50	5	15	6	50	1.5	25	2	4	5	3
864	40	5	10	4	60	1.5	45	5	2	5	1
865	50	10	15	4	60	3.5	25	8	2	5	3
866	30	5	10	6	60	1.5	35	8	2	5	1
867	30	5	15	6	60	1.5	45	5	4	3	1
868	20	5	10	6	60	3.5	35	8	2	5	1
869	50	10	10	6	40	3.5	25	2	4	5	3
870	40	5	10	4	60	3.5	15	5	4	5	3
871	40	10	15	6	60	3.5	15	2	4	5	3
872	50	5	10	4	60	3.5	25	5	2	3	3
873	40	10	15	6	40	3.5	45	8	4	5	2
874	20	5	15	4	40	3.5	25	5	4	5	1
875	50	5	15	4	60	1.5	45	5	2	5	3
876	50	10	15	6	40	1.5	25	5	2	5	3
877	50	5	10	4	40	3.5	15	2	4	5	3
878	20	5	10	4	40	1.5	45	8	2	3	1
879	50	10	15	4	60	1.5	35	2	4	3	3
880	30	10	10	6	40	1.5	45	8	4	3	2
881	20	5	10	6	50	3.5	25	5	2	3	3
882	20	10	10	6	50	3.5	15	2	2	5	3
883	40	5	10	6	60	3.5	15	8	4	3	3
884	50	10	10	4	40	1.5	25	5	4	3	3
885	40	5	15	4	60	1.5	25	5	4	5	3
886	40	10	10	6	60	1.5	25	8	2	5	3
887	40	10	15	6	50	3.5	15	5	4	5	3
888	50	10	15	6	60	3.5	45	2	4	3	3
889	50	5	15	4	60	3.5	45	5	4	3	3
890	50	5	10	6	40	3.5	35	8	4	3	2
891	20	5	15	4	60	3.5	25	5	4	3	3
892	50	5	10	4	60	3.5	35	5	4	5	3
893	50	10	10	4	40	3.5	45	8	4	3	2
894	50	5	10	6	50	1.5	35	2	2	3	3
895	20	5	10	4	60	3.5	25	8	4	3	1
896	20	5	15	6	50	3.5	15	2	4	3	3
897	20	5	15	6	60	3.5	45	5	4	3	1
898	50	10	15	4	60	3.5	15	2	4	5	3
899	50	5	10	6	40	3.5	25	5	4	3	3
900	50	10	10	6	50	3.5	35	5	4	3	3
901	20	5	15	4	40	3.5	35	2	4	3	1
902	50	5	10	6	50	3.5	15	5	2	3	3
903	30	10	15	4	60	3.5	35	2	2	5	1
904	50	5	10	4	40	1.5	45	2	2	3	2
905	50	5	15	6	40	3.5	25	5	2	3	3
906	20	10	10	6	60	3.5	45	5	2	3	1
907	20	5	15	4	60	1.5	45	8	2	5	1
908	20	10	10	6	50	3.5	45	5	4	3	1
909	20	5	15	4	40	1.5	15	2	2	5	3
910	20	5	15	6	60	1.5	45	5	4	5	1
911	40	5	10	6	50	3.5	35	2	2	3	3
912	40	10	10	6	40	3.5	35	5	4	5	2
913	30	5	15	6	60	1.5	35	2	2	3	3
914	20	5	10	6	50	3.5	45	5	4	3	1
915	30	5	10	4	60	1.5	25	5	4	3	3
916	30	10	15	4	50	1.5	45	5	4	3	1
917	20	10	15	4	60	3.5	35	8	4	5	1
918	20	5	15	4	60	3.5	45	8	2	5	1
919	40	5	10	6	50	1.5	15	5	2	3	3
920	50	10	10	6	40	1.5	25	8	2	3	3
921	30	5	15	4	40	3.5	35	5	4	3	1
922	40	10	10	6	60	1.5	35	8	4	3	3
923	30	5	15	4	40	1.5	35	8	4	3	2
924	40	5	10	4	50	1.5	15	5	4	3	3
925	20	5	15	6	40	1.5	35	8	4	5	1
926	30	5	15	6	50	1.5	25	5	4	3	3
927	20	10	15	4	60	3.5	45	8	4	3	1
928	30	10	10	4	50	3.5	15	8	2	5	3
929	50	5	10	6	60	1.5	35	2	2	3	3
930	30	10	15	4	50	3.5	25	5	4	5	3
931	30	5	15	4	60	3.5	45	8	2	3	1
932	30	10	15	6	40	3.5	45	2	2	5	1
933	20	10	10	6	50	1.5	35	2	2	5	1
934	40	5	15	6	60	3.5	15	2	2	5	3
935	40	10	15	4	60	1.5	25	2	4	3	3
936	20	10	10	6	40	3.5	35	8	2	3	1
937	20	5	15	6	40	1.5	25	2	4	5	3
938	50	5	15	4	60	1.5	45	5	2	3	3
939	40	5	15	6	50	1.5	15	2	2	3	3
940	20	5	15	4	50	3.5	35	5	4	3	1
941	30	5	15	6	60	3.5	15	2	2	3	3
942	30	10	15	6	40	1.5	45	2	4	5	2
943	40	10	15	4	50	1.5	35	5	2	5	3
944	40	5	15	6	50	1.5	45	8	4	5	2
945	30	10	10	4	60	3.5	35	2	4	5	1
946	50	5	10	4	50	3.5	15	2	2	5	3
947	40	10	10	4	60	1.5	35	2	2	3	3
948	40	10	15	4	40	3.5	45	2	4	3	2
949	40	10	15	4	60	1.5	15	5	4	5	3
950	20	5	15	4	40	1.5	25	8	4	5	1
951	50	5	15	4	50	1.5	45	8	2	5	2
952	20	5	15	4	60	3.5	35	2	2	3	1
953	30	10	10	6	40	1.5	25	8	4	5	3
954	50	5	15	4	60	3.5	15	2	2	5	3
955	30	5	10	4	40	3.5	45	8	4	3	2
956	50	10	10	6	60	3.5	15	2	2	3	3
957	40	5	10	6	50	3.5	45	8	2	5	1
958	20	10	15	6	40	3.5	35	8	4	3	1
959	30	10	10	4	40	1.5	15	2	2	5	3
960	40	5	10	4	40	1.5	35	8	4	3	2
961	20	10	15	4	60	1.5	15	2	4	5	3
962	50	5	10	4	50	1.5	45	2	2	3	3
963	50	10	10	6	60	3.5	15	2	4	5	3
964	30	5	10	4	40	3.5	15	2	4	3	3
965	20	5	10	4	60	3.5	25	2	2	3	1
966	40	10	15	4	50	1.5	35	5	2	5	3
967	20	5	10	4	40	3.5	15	5	4	3	3
968	30	5	10	6	40	1.5	15	8	2	3	3
969	30	5	10	4	60	3.5	25	5	4	5	3
970	50	5	15	4	40	3.5	45	2	2	5	2
971	40	5	15	4	50	1.5	25	2	4	3	3
972	30	5	10	6	50	3.5	35	2	4	5	3
973	50	10	15	4	50	1.5	25	2	4	3	3
974	50	10	10	4	50	1.5	35	8	4	3	3
975	50	5	10	4	60	3.5	15	5	2	5	3
976	40	5	10	4	60	3.5	15	5	2	5	3
977	40	10	10	6	50	3.5	15	5	2	5	3
978	30	10	10	4	50	3.5	15	8	2	5	3
979	40	5	15	4	60	3.5	15	8	4	3	3
980	50	10	15	6	50	1.5	25	5	4	5	3
981	40	10	15	4	40	3.5	15	8	4	3	3
982	20	5	15	4	60	3.5	15	5	4	3	3
983	40	5	15	4	50	1.5	45	2	4	5	2
984	40	10	15	4	40	3.5	15	5	4	5	3
985	20	10	10	4	60	3.5	35	5	2	5	1
986	20	5	10	6	50	1.5	15	5	2	5	3
987	20	5	15	4	50	3.5	45	8	4	5	1
988	30	5	10	6	50	1.5	45	8	4	3	1
989	50	5	15	4	60	1.5	35	5	2	5	3
990	20	5	10	6	40	3.5	45	5	2	5	1
991	50	10	15	4	40	1.5	15	5	4	3	3
992	50	5	15	6	60	3.5	45	8	4	3	3
993	20	5	10	4	60	3.5	25	2	4	3	3
994	20	10	15	4	40	3.5	45	2	4	5	1
995	20	10	15	4	50	3.5	35	5	2	5	1
996	30	5	10	4	50	3.5	15	5	2	3	3
997	20	5	10	6	60	1.5	35	2	2	3	1
998	50	5	10	6	50	1.5	15	2	4	5	3
999	30	10	15	4	40	1.5	45	5	4	3	2
1000	50	5	15	4	40	1.5	15	8	4	3	3
